         0                0.25               2.125             0.53125
         1                 0.5                   2                   1
         2                0.75               1.875             1.40625
         3                   1                1.75                1.75
         4                1.25               1.625             2.03125
         5                 1.5                 1.5                2.25
         6                1.75               1.375             2.40625
         7                   2                1.25                 2.5
         8                2.25               1.125             2.53125
         9                 2.5                   1                 2.5
        10                2.75               0.875             2.40625
        11                   3                0.75                2.25
        12                3.25               0.625             2.03125
        13                 3.5                 0.5                1.75
        14                3.75               0.375             1.40625
        15                   4                0.25                   1
        16                4.25               0.125             0.53125
        17                 4.5                   0                   0
        18                4.75              -0.125            -0.59375
        19                   5               -0.25               -1.25
        20                5.25              -0.375            -1.96875
        21                 5.5                -0.5               -2.75
        22                5.75              -0.625            -3.59375
        23                   6               -0.75                -4.5
        24                6.25              -0.875            -5.46875
        25                 6.5                  -1                -6.5
        26                6.75              -1.125            -7.59375
        27                   7               -1.25               -8.75
        28                7.25              -1.375            -9.96875
        29                 7.5                -1.5              -11.25
        30                7.75              -1.625           -12.59375
        31                   8               -1.75                 -14
        32                8.25              -1.875           -15.46875
        33                 8.5                  -2                 -17
        34                8.75              -2.125           -18.59375
        35                   9               -2.25              -20.25
        36                9.25              -2.375           -21.96875
        37                 9.5                -2.5              -23.75
        38                9.75              -2.625           -25.59375
        39                  10               -2.75               -27.5
        40               10.25              -2.875           -29.46875
        41                10.5                  -3               -31.5
        42               10.75              -3.125           -33.59375
        43                  11               -3.25              -35.75
        44               11.25              -3.375           -37.96875
        45                11.5                -3.5              -40.25
        46               11.75              -3.625           -42.59375
        47                  12               -3.75                 -45
        48               12.25              -3.875           -47.46875
        49                12.5                  -4                 -50
        50               12.75               3.875            49.40625
        51                  13                3.75               48.75
        52               13.25               3.625            48.03125
        53                13.5                 3.5               47.25
        54               13.75               3.375            46.40625
        55                  14                3.25                45.5
        56               14.25               3.125            44.53125
        57                14.5                   3                43.5
        58               14.75               2.875            42.40625
        59                  15                2.75               41.25
        60               15.25               2.625            40.03125
        61                15.5                 2.5               38.75
        62               15.75               2.375            37.40625
        63                  16                2.25                  36
        64               16.25               2.125            34.53125
        65                16.5                   2                  33
        66               16.75               1.875            31.40625
        67                  17                1.75               29.75
        68               17.25               1.625            28.03125
        69                17.5                 1.5               26.25
        70               17.75               1.375            24.40625
        71                  18                1.25                22.5
        72               18.25               1.125            20.53125
        73                18.5                   1                18.5
        74               18.75               0.875            16.40625
        75                  19                0.75               14.25
        76               19.25               0.625            12.03125
        77                19.5                 0.5                9.75
        78               19.75               0.375             7.40625
        79                  20                0.25                   5
        80               20.25               0.125             2.53125
        81                20.5                   0                   0
        82               20.75              -0.125            -2.59375
        83                  21               -0.25               -5.25
        84               21.25              -0.375            -7.96875
        85                21.5                -0.5              -10.75
        86               21.75              -0.625           -13.59375
        87                  22               -0.75               -16.5
        88               22.25              -0.875           -19.46875
        89                22.5                  -1               -22.5
        90               22.75              -1.125           -25.59375
        91                  23               -1.25              -28.75
        92               23.25              -1.375           -31.96875
        93                23.5                -1.5              -35.25
        94               23.75              -1.625           -38.59375
        95                  24               -1.75                 -42
        96               24.25              -1.875           -45.46875
        97                24.5                  -2                 -49
        98               24.75              -2.125           -52.59375
        99                  25               -2.25              -56.25
       100               25.25              -2.375           -59.96875
       101                25.5                -2.5              -63.75
       102               25.75              -2.625           -67.59375
       103                  26               -2.75               -71.5
       104               26.25              -2.875           -75.46875
       105                26.5                  -3               -79.5
       106               26.75              -3.125           -83.59375
       107                  27               -3.25              -87.75
       108               27.25              -3.375           -91.96875
       109                27.5                -3.5              -96.25
       110               27.75              -3.625          -100.59375
       111                  28               -3.75                -105
       112               28.25              -3.875          -109.46875
       113                28.5                  -4                -114
       114               28.75               3.875           111.40625
       115                  29                3.75              108.75
       116               29.25               3.625           106.03125
       117                29.5                 3.5              103.25
       118               29.75               3.375           100.40625
       119                  30                3.25                97.5
       120               30.25               3.125            94.53125
       121                30.5                   3                91.5
       122               30.75               2.875            88.40625
       123                  31                2.75               85.25
       124               31.25               2.625            82.03125
       125                31.5                 2.5               78.75
       126               31.75               2.375            75.40625
       127                  32                2.25                  72
       128               32.25               2.125            68.53125
       129                32.5                   2                  65
       130               32.75               1.875            61.40625
       131                  33                1.75               57.75
       132               33.25               1.625            54.03125
       133                33.5                 1.5               50.25
       134               33.75               1.375            46.40625
       135                  34                1.25                42.5
       136               34.25               1.125            38.53125
       137                34.5                   1                34.5
       138               34.75               0.875            30.40625
       139                  35                0.75               26.25
       140               35.25               0.625            22.03125
       141                35.5                 0.5               17.75
       142               35.75               0.375            13.40625
       143                  36                0.25                   9
       144               36.25               0.125             4.53125
       145                36.5                   0                   0
       146               36.75              -0.125            -4.59375
       147                  37               -0.25               -9.25
       148               37.25              -0.375           -13.96875
       149                37.5                -0.5              -18.75
       150               37.75              -0.625           -23.59375
       151                  38               -0.75               -28.5
       152               38.25              -0.875           -33.46875
       153                38.5                  -1               -38.5
       154               38.75              -1.125           -43.59375
       155                  39               -1.25              -48.75
       156               39.25              -1.375           -53.96875
       157                39.5                -1.5              -59.25
       158               39.75              -1.625           -64.59375
       159                  40               -1.75                 -70
       160               40.25              -1.875           -75.46875
       161                40.5                  -2                 -81
       162               40.75              -2.125           -86.59375
       163                  41               -2.25              -92.25
       164               41.25              -2.375           -97.96875
       165                41.5                -2.5             -103.75
       166               41.75              -2.625          -109.59375
       167                  42               -2.75              -115.5
       168               42.25              -2.875          -121.46875
       169                42.5                  -3              -127.5
       170               42.75              -3.125          -133.59375
       171                  43               -3.25             -139.75
       172               43.25              -3.375          -145.96875
       173                43.5                -3.5             -152.25
       174               43.75              -3.625          -158.59375
       175                  44               -3.75                -165
       176               44.25              -3.875          -171.46875
       177                44.5                  -4                -178
       178               44.75               3.875           173.40625
       179                  45                3.75              168.75
       180               45.25               3.625           164.03125
       181                45.5                 3.5              159.25
       182               45.75               3.375           154.40625
       183                  46                3.25               149.5
       184               46.25               3.125           144.53125
       185                46.5                   3               139.5
       186               46.75               2.875           134.40625
       187                  47                2.75              129.25
       188               47.25               2.625           124.03125
       189                47.5                 2.5              118.75
       190               47.75               2.375           113.40625
       191                  48                2.25                 108
       192               48.25               2.125           102.53125
       193                48.5                   2                  97
       194               48.75               1.875            91.40625
       195                  49                1.75               85.75
       196               49.25               1.625            80.03125
       197                49.5                 1.5               74.25
       198               49.75               1.375            68.40625
       199                  50                1.25                62.5
       200               50.25               1.125            56.53125
       201                50.5                   1                50.5
       202               50.75               0.875            44.40625
       203                  51                0.75               38.25
       204               51.25               0.625            32.03125
       205                51.5                 0.5               25.75
       206               51.75               0.375            19.40625
       207                  52                0.25                  13
       208               52.25               0.125             6.53125
       209                52.5                   0                   0
       210               52.75              -0.125            -6.59375
       211                  53               -0.25              -13.25
       212               53.25              -0.375           -19.96875
       213                53.5                -0.5              -26.75
       214               53.75              -0.625           -33.59375
       215                  54               -0.75               -40.5
       216               54.25              -0.875           -47.46875
       217                54.5                  -1               -54.5
       218               54.75              -1.125           -61.59375
       219                  55               -1.25              -68.75
       220               55.25              -1.375           -75.96875
       221                55.5                -1.5              -83.25
       222               55.75              -1.625           -90.59375
       223                  56               -1.75                 -98
       224               56.25              -1.875          -105.46875
       225                56.5                  -2                -113
       226               56.75              -2.125          -120.59375
       227                  57               -2.25             -128.25
       228               57.25              -2.375          -135.96875
       229                57.5                -2.5             -143.75
       230               57.75              -2.625          -151.59375
       231                  58               -2.75              -159.5
       232               58.25              -2.875          -167.46875
       233                58.5                  -3              -175.5
       234               58.75              -3.125          -183.59375
       235                  59               -3.25             -191.75
       236               59.25              -3.375          -199.96875
       237                59.5                -3.5             -208.25
       238               59.75              -3.625          -216.59375
       239                  60               -3.75                -225
       240               60.25              -3.875          -233.46875
       241                60.5                  -4                -242
       242               60.75               3.875           235.40625
       243                  61                3.75              228.75
       244               61.25               3.625           222.03125
       245                61.5                 3.5              215.25
       246               61.75               3.375           208.40625
       247                  62                3.25               201.5
       248               62.25               3.125           194.53125
       249                62.5                   3               187.5
       250               62.75               2.875           180.40625
