-7168 
-21504 
-35840 
-50176 
-64512 
-78848 
-93184 
-107520 
-121856 
-136192 
-150528 
-164864 
-179200 
-193536 
-207872 
-222208 
-236544 
-250880 
-265216 
-279552 
-293888 
-308224 
-322560 
-336896 
-351232 
-365568 
-379904 
-394240 
-408576 
-422912 
-437248 
-451584 
-465920 
-480256 
-494592 
-508928 
-523264 
-537600 
-551936 
-566272 
-580608 
-594944 
-609280 
-623616 
-637952 
-652288 
-666624 
-680960 
-695296 
-709632 
-723968 
-738304 
-752640 
-766976 
-781312 
-795648 
-809984 
-824320 
-838656 
-852992 
-867328 
-881664 
-896000 
-910336 
