4194304 
-4072324 
-3952144 
-3833764 
-3717184 
-3602404 
-3489424 
-3378244 
-3268864 
-3161284 
-3055504 
-2951524 
-2849344 
-2748964 
-2650384 
-2553604 
-2458624 
-2365444 
-2274064 
-2184484 
-2096704 
-2010724 
-1926544 
-1844164 
-1763584 
-1684804 
-1607824 
-1532644 
-1459264 
-1387684 
-1317904 
-1249924 
-1183744 
-1119364 
-1056784 
-996004 
-937024 
-879844 
-824464 
-770884 
-719104 
-669124 
-620944 
-574564 
-529984 
-487204 
-446224 
-407044 
-369664 
-334084 
-300304 
-268324 
-238144 
-209764 
-183184 
-158404 
-135424 
-114244 
-94864 
-77284 
