         0                   0                   1                   5
         1                   1                   2                  13
         2                   2                   3                  21
         3                   3                   4                  29
         4                   4                   5                  37
         5                   5                   6                  45
         6                   6                   7                  53
         7                   7                   8                  61
         8                   8                   9                  69
         9                   9                  10                  77
        10                  10                  11                  85
        11                  11                  12                  93
        12                  12                  13                 101
        13                  13                  14                 109
        14                  14                  15                 117
        15                  15                  16                 125
        16                  16                  17                 133
        17                  17                  18                 141
        18                  18                  19                 149
        19                  19                  20                 157
        20                  20                  21                 165
        21                  21                  22                 173
        22                  22                  23                 181
        23                  23                  24                 189
        24                  24                  25                 197
        25                  25                  26                 205
        26                  26                  27                 213
        27                  27                  28                 221
        28                  28                  29                 229
        29                  29                  30                 237
        30                  30                  31                 245
        31                  31                  32                 253
        32                  32                  33                 261
        33                  33                  34                 269
        34                  34                  35                 277
        35                  35                  36                 285
        36                  36                  37                 293
        37                  37                  38                 301
        38                  38                  39                 309
        39                  39                  40                 317
        40                  40                  41                 325
        41                  41                  42                 333
        42                  42                  43                 341
        43                  43                  44                 349
        44                  44                  45                 357
        45                  45                  46                 365
        46                  46                  47                 373
        47                  47                  48                 381
        48                  48                  49                 389
        49                  49                  50                 397
        50                  50                  51                 405
        51                  51                  52                 413
        52                  52                  53                 421
        53                  53                  54                 429
        54                  54                  55                 437
        55                  55                  56                 445
        56                  56                  57                 453
        57                  57                  58                 461
        58                  58                  59                 469
        59                  59                  60                 477
        60                  60                  61                 485
        61                  61                  62                 493
        62                  62                  63                 501
        63                  63                  64                 509
        64                  64                  65                 517
        65                  65                  66                 525
        66                  66                  67                 533
        67                  67                  68                 541
        68                  68                  69                 549
        69                  69                  70                 557
        70                  70                  71                 565
        71                  71                  72                 573
        72                  72                  73                 581
        73                  73                  74                 589
        74                  74                  75                 597
        75                  75                  76                 605
        76                  76                  77                 613
        77                  77                  78                 621
        78                  78                  79                 629
        79                  79                  80                 637
        80                  80                  81                 645
        81                  81                  82                 653
        82                  82                  83                 661
        83                  83                  84                 669
        84                  84                  85                 677
        85                  85                  86                 685
        86                  86                  87                 693
        87                  87                  88                 701
        88                  88                  89                 709
        89                  89                  90                 717
        90                  90                  91                 725
        91                  91                  92                 733
        92                  92                  93                 741
        93                  93                  94                 749
        94                  94                  95                 757
        95                  95                  96                 765
        96                  96                  97                 773
        97                  97                  98                 781
        98                  98                  99                 789
        99                  99                 100                 797
       100                 100                 101                 805
       101                 101                 102                 813
       102                 102                 103                 821
       103                 103                 104                 829
       104                 104                 105                 837
       105                 105                 106                 845
       106                 106                 107                 853
       107                 107                 108                 861
       108                 108                 109                 869
       109                 109                 110                 877
       110                 110                 111                 885
       111                 111                 112                 893
       112                 112                 113                 901
       113                 113                 114                 909
       114                 114                 115                 917
       115                 115                 116                 925
       116                 116                 117                 933
       117                 117                 118                 941
       118                 118                 119                 949
       119                 119                 120                 957
       120                 120                 121                 965
       121                 121                 122                 973
       122                 122                 123                 981
       123                 123                 124                 989
       124                 124                 125                 997
       125                 125                 126                1005
       126                 126                 127                1013
       127                 127                 128                1021
       128                 128                 129                1029
       129                 129                 130                1037
       130                 130                 131                1045
       131                 131                 132                1053
       132                 132                 133                1061
       133                 133                 134                1069
       134                 134                 135                1077
       135                 135                 136                1085
       136                 136                 137                1093
       137                 137                 138                1101
       138                 138                 139                1109
       139                 139                 140                1117
       140                 140                 141                1125
       141                 141                 142                1133
       142                 142                 143                1141
       143                 143                 144                1149
       144                 144                 145                1157
       145                 145                 146                1165
       146                 146                 147                1173
       147                 147                 148                1181
       148                 148                 149                1189
       149                 149                 150                1197
       150                 150                 151                1205
       151                 151                 152                1213
       152                 152                 153                1221
       153                 153                 154                1229
       154                 154                 155                1237
       155                 155                 156                1245
       156                 156                 157                1253
       157                 157                 158                1261
       158                 158                 159                1269
       159                 159                 160                1277
       160                 160                 161                1285
       161                 161                 162                1293
       162                 162                 163                1301
       163                 163                 164                1309
       164                 164                 165                1317
       165                 165                 166                1325
       166                 166                 167                1333
       167                 167                 168                1341
       168                 168                 169                1349
       169                 169                 170                1357
       170                 170                 171                1365
       171                 171                 172                1373
       172                 172                 173                1381
       173                 173                 174                1389
       174                 174                 175                1397
       175                 175                 176                1405
       176                 176                 177                1413
       177                 177                 178                1421
       178                 178                 179                1429
       179                 179                 180                1437
       180                 180                 181                1445
       181                 181                 182                1453
       182                 182                 183                1461
       183                 183                 184                1469
       184                 184                 185                1477
       185                 185                 186                1485
       186                 186                 187                1493
       187                 187                 188                1501
       188                 188                 189                1509
       189                 189                 190                1517
       190                 190                 191                1525
       191                 191                 192                1533
       192                 192                 193                1541
       193                 193                 194                1549
       194                 194                 195                1557
       195                 195                 196                1565
       196                 196                 197                1573
       197                 197                 198                1581
       198                 198                 199                1589
       199                 199                 200                1597
       200                 200                 201                1605
       201                 201                 202                1613
       202                 202                 203                1621
       203                 203                 204                1629
       204                 204                 205                1637
       205                 205                 206                1645
       206                 206                 207                1653
       207                 207                 208                1661
       208                 208                 209                1669
       209                 209                 210                1677
       210                 210                 211                1685
       211                 211                 212                1693
       212                 212                 213                1701
       213                 213                 214                1709
       214                 214                 215                1717
       215                 215                 216                1725
       216                 216                 217                1733
       217                 217                 218                1741
       218                 218                 219                1749
       219                 219                 220                1757
       220                 220                 221                1765
       221                 221                 222                1773
       222                 222                 223                1781
       223                 223                 224                1789
       224                 224                 225                1797
       225                 225                 226                1805
       226                 226                 227                1813
       227                 227                 228                1821
       228                 228                 229                1829
       229                 229                 230                1837
       230                 230                 231                1845
       231                 231                 232                1853
       232                 232                 233                1861
       233                 233                 234                1869
       234                 234                 235                1877
       235                 235                 236                1885
       236                 236                 237                1893
       237                 237                 238                1901
       238                 238                 239                1909
       239                 239                 240                1917
       240                 240                 241                1925
       241                 241                 242                1933
       242                 242                 243                1941
       243                 243                 244                1949
       244                 244                 245                1957
       245                 245                 246                1965
       246                 246                 247                1973
       247                 247                 248                1981
       248                 248                 249                1989
       249                 249                 250                1997
       250                 250                 251                2005
