-11039 
-21318 
-30834 
-39584 
-47560 
-54756 
-61173 
-66808 
-71649 
-75710 
-78969 
-81432 
-83096 
-83958 
-84030 
-83280 
-81736 
-79362 
-76209 
-72220 
-67431 
-61842 
-55430 
-48216 
-40175 
-31356 
-21708 
-11256 
0 
12060 
24924 
38592 
53031 
68306 
84350 
101196 
118807 
137218 
156429 
176360 
197128 
218610 
240886 
263868 
287640 
312156 
337413 
363408 
390089 
417550 
445689 
474552 
504136 
534384 
565290 
596904 
629223 
662128 
695787 
730020 
764879 
800420 
836514 
873280 
