  25  34  43  52  61  70  79  88  97  106  115  124  133  142  151  160
  25  34  43  52  61  70  79  88  97  106  115  124  133  142  151  160
  25  34  43  52  61  70  79  88  97  106  115  124  133  142  151  160
  25  34  43  52  61  70  79  88  97  106  115  124  133  142  151  160
  25  34  43  52  61  70  79  88  97  106  115  124  133  142  151  160
  25  34  43  52  61  70  79  88  97  106  115  124  133  142  151  160
  25  34  43  52  61  70  79  88  97  106  115  124  133  142  151  160
  25  34  43  52  61  70  79  88  97  106  115  124  133  142  151  160
  25  34  43  52  61  70  79  88  97  106  115  124  133  142  151  160
  25  34  43  52  61  70  79  88  97  106  115  124  133  142  151  160
  25  34  43  52  61  70  79  88  97  106  115  124  133  142  151  160
  25  34  43  52  61  70  79  88  97  106  115  124  133  142  151  160
  25  34  43  52  61  70  79  88  97  106  115  124  133  142  151  160
  25  34  43  52  61  70  79  88  97  106  115  124  133  142  151  160
  25  34  43  52  61  70  79  88  97  106  115  124  133  142  151  160
  25  34  43  52  61  70  79  88  97  106  115  124  133  142  151  160
  25  34  43  52  61  70  79  88  97  106  115  124  133  142  151  160
  25  34  43  52  61  70  79  88  97  106  115  124  133  142  151  160
  25  34  43  52  61  70  79  88  97  106  115  124  133  142  151  160
  25  34  43  52  61  70  79  88  97  106  115  124  133  142  151  160
  25  34  43  52  61  70  79  88  97  106  115  124  133  142  151  160
  25  34  43  52  61  70  79  88  97  106  115  124  133  142  151  160
  25  34  43  52  61  70  79  88  97  106  115  124  133  142  151  160
  25  34  43  52  61  70  79  88  97  106  115  124  133  142  151  160
  25  34  43  52  61  70  79  88  97  106  115  124  133  142  151  160
  25  34  43  52  61  70  79  88  97  106  115  124  133  142  151  160
  25  34  43  52  61  70  79  88  97  106  115  124  133  142  151  160
  25  34  43  52  61  70  79  88  97  106  115  124  133  142  151  160
  25  34  43  52  61  70  79  88  97  106  115  124  133  142  151  160
  25  34  43  52  61  70  79  88  97  106  115  124  133  142  151  160
  25  34  43  52  61  70  79  88  97  106  115  124  133  142  151  160
  25  34  43  52  61  70  79  88  97  106  115  124  133  142  151  160
